@relation USER36
@attribute a0{﻿199.2,199.3,193.1,192.1,209.2,186.2,198.1,191.2,183.1,189.1,230.3,205.2,188.2,171.3,187.2,182.2,196.1,180.3,256.3,256.4,266.3,340.4,264.3,401.6,343.4,409.3,413.5,573.8,240.3,233.3,232.3,235.3,238.3,249.4,181.3,181.2}
@attribute a1 integer[2,5]
@attribute a2 integer[31,60]
@attribute a3 real[26.8302665956912,112.728494352555]
@attribute a4 real[107.524435657835,213.611191230067]
@attribute a5 real[0.210729982847896,0.28047831987276]
@attribute a6 integer[8,15]
@attribute a7 real[15.1418179107913,78.0191715241776]
@attribute a8 real[46.105628806732,214.951950690743]
@attribute a9 integer[8,15]
@attribute a10 real[0.066128218071681,0.616035856573705]
@attribute a11 real[7.04234713874189E-6,9.08114781103349E-5]
@attribute a12 integer[1,1]
@attribute a13 real[-0.707860696517413,-0.278870967741935]
@attribute a14 real[0.0,0.243644896362925]
@attribute a15 real[0.219795410561239,0.981415478615071]
@attribute a16 real[0.354744196529186,0.808868191941689]
@attribute a17 real[0.00175258118849724,0.00664796106784105]
@attribute a18 real[0.00109558688364165,0.00659554416372426]
@attribute a19 real[5.35358565737052,9.41300898995241]
@attribute a20 real[8.24142110960418E-6,4.35199495610151E-5]
@attribute a21 real[-0.780204589438761,-0.0185845213849287]
@attribute a22 real[0.904362671833593,1.37099787243256]
@attribute a23 real[-0.645255803470814,-0.191131808058311]
@attribute a24 real[0.292139303482587,0.721129032258064]
@attribute a25 integer[1,1]
@attribute a26 integer[2,35]
@attribute a27 real[-1.0,-0.756355103637075]
@attribute a28 real[4.35897435897436E-4,5.72093023255814E-4]
@attribute a29 integer[1,28]
@attribute a30 real[0.198672080379275,0.254678966852101]
@attribute a31 real[136.075636110143,709.659922513991]
@attribute a32 real[0.219748342645428,0.586585468126975]
@attribute a33 real[3.45177664974619E-4,5.21978021978022E-4]
@attribute a34 real[3.35227272727273E-4,4.94252873563218E-4]
@attribute a35 real[5.02325581395349E-4,6.37426900584795E-4]
@attribute a36 integer[1,2]
@inputs a0, a1, a2, a3, a4, a5, a6, a7, a8, a9, a10, a11, a12, a13, a14, a15, a16, a17, a18, a19, a20, a21, a22, a23, a24, a25, a26, a27, a28, a29, a30, a31, a32, a33, a34, a35
@outputs a36
@data
﻿199.2,3,40,89.5121580285885,213.611191230067,0.252469792832937,10,60.9250544895736,159.979178150465,9,0.231425702811245,1.79471533067495E-5,1,-0.563803796278895,0.129674873144146,0.340903769608991,0.557714820885039,0.00304164538739348,0.00244143346167216,8.73493975903614,8.87754551201878E-6,-0.659096230391009,1.02616099477131,-0.442285179114961,0.436196203721105,1,4,-0.870325126855854,5.68965517241379E-4,3,0.222748014685236,555.678212851406,0.363820764485804,4.25287356321839E-4,4.94252873563218E-4,5.05747126436782E-4,1
199.3,3,41,87.2405369165334,194.102439288265,0.258795271058964,11,48.764951079829,128.422769711604,9,0.181133968891119,1.72731499772477E-5,1,-0.406061746987952,0.0248493975903614,0.461878996556813,0.589522872602066,0.00294208559191906,0.00225198042483865,8.58003010536879,1.41899102247167E-5,-0.538121003443187,1.00029190908345,-0.410477127397934,0.593938253012048,1,10,-0.975150602409639,5.26315789473684E-4,9,0.211691528922123,559.268439538384,0.368866970278274,4.32748538011696E-4,4.15204678362573E-4,5.49707602339181E-4,1
193.1,2,43,76.2336446512408,181.15300247485,0.244532112009814,11,61.0971655939624,135.588675232428,10,0.186431900569653,1.90347809134534E-5,1,-0.639396795475966,0.0761545711592837,0.845769837099317,0.538885969521808,0.00337434752556673,0.00242087967621244,8.95908855515277,1.53379432980306E-5,-0.154230162900683,0.904362671833593,-0.461114030478192,0.360603204524034,1,9,-0.923845428840716,5.3757225433526E-4,4,0.209736109817397,579.273951320559,0.381736597363151,4.21965317919075E-4,4.39306358381503E-4,5.49132947976879E-4,1
192.1,2,37,78.4833304116344,201.245520753963,0.233052696272913,9,53.9453547833774,137.979713043369,9,0.187402394586153,1.64840231461686E-5,1,-0.603808812546677,0.151979088872293,0.981415478615071,0.646894093686354,0.00295730425435464,0.00216883702597181,8.43310775637689,1.95916668540528E-5,-0.0185845213849287,0.990587411332287,-0.353105906313646,0.396191187453323,1,2,-0.848020911127707,5.0E-4,1,0.214604988167761,584.145236855804,0.353099067342293,5.0E-4,4.1358024691358E-4,5.92592592592593E-4,1
209.2,3,46,58.209201624921,152.819245543656,0.243885846270455,14,44.7826521805079,100.548821490704,10,0.176864244741874,2.18704145284514E-5,1,-0.468089788732394,0.117737676056338,0.399435608004105,0.618522319138019,0.00329705756631585,0.00282832975209049,8.46080305927342,2.57481476008719E-5,-0.600564391995895,1.03315277071856,-0.381477680861981,0.531910211267606,1,10,-0.882262323943662,4.97175141242938E-4,9,0.209630731426769,537.938814531549,0.315162597607987,4.63276836158192E-4,3.55932203389831E-4,6.10169491525424E-4,1
186.2,3,43,103.261042353326,205.049301630576,0.237737603401987,10,55.285208109796,130.334692717962,10,0.172395273899033,1.98595198436556E-5,1,-0.40550566185084,0.0441233893010543,0.534732272069465,0.602026049204052,0.0028136714800201,0.00227752478644344,8.86143931256713,9.60596340263778E-6,-0.465267727930535,1.03088504709006,-0.397973950795948,0.594494338149161,1,6,-0.955876610698946,5.6969696969697E-4,4,0.20407961796528,605.989258861439,0.34838063015053,4.12121212121212E-4,4.42424242424242E-4,5.51515151515151E-4,1
198.1,3,38,93.0648518831326,189.437768586693,0.255083147293504,9,49.2479039201323,129.738065168075,9,0.066128218071681,1.79925314476251E-5,1,-0.696473796999805,0.0687706993960647,0.676762661370407,0.669811320754717,0.00293651692494258,0.00230436200539036,8.73296314992428,8.47231964076522E-6,-0.323237338629593,1.01267960779595,-0.330188679245283,0.303526203000195,1,9,-0.931229300603935,5.31791907514451E-4,9,0.222848669682943,571.022715800101,0.355955956134204,4.33526011560694E-4,4.27745664739884E-4,5.3757225433526E-4,1
191.2,3,39,103.985940762735,198.436508029908,0.232780540014983,10,48.8022970574062,129.387820694703,10,0.188284518828452,1.77076377997289E-5,1,-0.395344471559977,0.0779050122019899,0.59226037929267,0.787801127626858,0.00309879123402534,0.00226984858178466,8.99581589958159,8.24142110960418E-6,-0.40773962070733,0.966585401598194,-0.212198872373142,0.604655528440023,1,9,-0.92209498779801,5.46511627906977E-4,4,0.221479042677858,593.285041841004,0.331420949026109,4.18604651162791E-4,4.36046511627907E-4,5.58139534883721E-4,1
183.1,2,43,89.386447049889,178.636877912321,0.268183230586979,12,57.814534365864,125.478668351358,10,0.169852539595849,1.85744343874098E-5,1,-0.644911085887249,0.0281876655315929,0.794063567113212,0.686104544260573,0.00318278080595821,0.00229225246467705,9.22992900054615,1.1620310654036E-5,-0.205936432886788,0.957182505033666,-0.313895455739427,0.355088914112751,1,4,-0.971812334468407,5.26627218934911E-4,7,0.207257771632172,621.187875477881,0.378402806907233,4.61538461538462E-4,4.49704142011834E-4,5.20710059171598E-4,1
189.1,2,45,89.2689130163734,184.555638204628,0.252795185777984,11,47.8919635088726,127.848774663347,11,0.185616076150185,1.72312161199294E-5,1,-0.707860696517413,0.0,0.768474215842637,0.716640085061138,0.00328565671756252,0.0024598289694468,9.41300898995241,1.04423760847091E-5,-0.231525784157363,1.0047248589069,-0.283359914938862,0.292139303482587,1,6,-1.0,5.56179775280899E-4,6,0.230219469463867,602.97673188789,0.333137599980992,4.21348314606742E-4,4.55056179775281E-4,5.2247191011236E-4,1
230.3,3,44,64.0090123596768,125.687634731896,0.225299585514486,11,39.1493001417439,76.6516590618493,10,0.178462874511507,3.62085268434304E-5,1,-0.440509915014164,0.0787535410764873,0.414322992171644,0.660771238040012,0.00430366004470741,0.00420490750543792,8.64090316977855,1.00254792066487E-5,-0.585677007828356,1.14226112295271,-0.339228761959988,0.559490084985836,1,19,-0.921246458923513,4.87437185929648E-4,27,0.217820944813416,432.366912722536,0.340454202624859,4.32160804020101E-4,3.51758793969849E-4,5.27638190954774E-4,1
199.3,3,45,86.5949475517322,135.574529074533,0.222688476595145,12,55.0849991576285,109.395892104067,11,0.176116407425991,2.2800552458038E-5,1,-0.41938202247191,0.101685393258427,0.351781313018149,0.731794756889984,0.00295278138241022,0.0037017593566564,8.58003010536879,1.4964246079256E-5,-0.648218686981851,1.19585694492271,-0.268205243110016,0.58061797752809,1,8,-0.898314606741573,4.67836257309942E-4,5,0.228476412954708,504.844957350728,0.305070586725193,5.02923976608187E-4,3.50877192982456E-4,6.37426900584795E-4,1
199.3,2,45,97.2743391371855,154.650358781352,0.224574465778698,11,56.4998053210241,119.013117002619,11,0.311590566984446,2.98471426910726E-5,1,-0.410044007248253,0.0841315040124256,0.404332860903017,0.808868191941689,0.00294168700529668,0.00376106448852196,9.18213748118414,1.37835763121967E-5,-0.595667139096983,1.37099787243256,-0.191131808058311,0.589955992751747,1,8,-0.915868495987574,5.24590163934426E-4,5,0.20339070695292,507.106372303061,0.322522633985089,4.42622950819672E-4,4.04371584699454E-4,5.79234972677596E-4,1
205.2,3,43,56.8061163224733,122.2775237293,0.23620581636026,11,52.1435119887061,104.235368143501,11,0.185672514619883,2.00029461332985E-5,1,-0.447525265612853,0.146929256284011,0.394351464435146,0.785826359832636,0.00374699539074383,0.00371301123975237,8.57699805068226,1.547756478375E-5,-0.605648535564854,1.17163331374698,-0.214173640167364,0.552474734387147,1,11,-0.853070743715989,4.65909090909091E-4,19,0.219843871370101,494.331384015595,0.272198519490938,4.88636363636364E-4,3.35227272727273E-4,5.73863636363636E-4,1
188.2,3,44,48.6701226768632,125.15716985833,0.265123658777586,11,50.9838482018834,125.3341588962,11,0.213071200850159,2.41112621893339E-5,1,-0.582549748523945,0.0290837524600918,0.242156564118185,0.600365519342065,0.00360640734025965,0.00258907397727365,8.55472901168969,2.05992576127363E-5,-0.757843435881815,1.08291829861934,-0.399634480657935,0.417450251476055,1,12,-0.970916247539908,4.72049689440994E-4,10,0.220564423571632,544.512752391073,0.32847883216702,4.72049689440994E-4,3.72670807453416E-4,5.83850931677019E-4,1
171.3,3,31,74.8683330954517,128.05160371837,0.235517216583159,8,45.0397197853501,115.730717232792,8,0.204903677758319,2.2730419563723E-5,1,-0.470442587434231,0.0,0.235166621511785,0.710376591709564,0.0031012150322134,0.00354273744472289,8.99007589025102,1.2125362475265E-5,-0.764833378488215,1.19963825795381,-0.289623408290436,0.529557412565769,1,9,-1.0,5.0E-4,11,0.236626138463043,600.810858143608,0.219748342645428,4.61038961038961E-4,3.8961038961039E-4,5.58441558441558E-4,1
187.2,2,37,72.3743347151448,133.904849626984,0.23326332626784,8,53.1434832516291,133.667135618499,10,0.358440170940171,2.12263713771034E-5,1,-0.394294854705412,0.183684350839776,0.219795410561239,0.735692562897429,0.00370666317091679,0.00357424705124127,9.2948717948718,1.27992903818746E-5,-0.780204589438761,1.1553694804334,-0.264307437102571,0.605705145294588,1,7,-0.816315649160224,4.82758620689655E-4,12,0.217207638746988,551.84561965812,0.244123820103284,4.88505747126437E-4,3.85057471264368E-4,5.57471264367816E-4,1
182.2,3,38,65.5089749230387,126.957863143339,0.220532460768533,10,58.6406353571459,127.330928169662,9,0.192096597145993,2.34221352944984E-5,1,-0.534341524889729,0.184625078764965,0.336563876651982,0.760352422907489,0.00364298468486529,0.0039081168405691,8.78155872667399,1.30737382503861E-5,-0.663436123348018,1.16932418538929,-0.239647577092511,0.465658475110271,1,4,-0.815374921235035,5.125E-4,6,0.228470488982742,568.006586169045,0.234229924935594,4.8125E-4,3.75E-4,6.0625E-4,1
196.1,2,35,63.1682241135719,130.199097492976,0.235373582613559,8,47.5805167381646,127.553632512079,10,0.178480367159612,2.41919657042537E-5,1,-0.610731936926336,0.0969639915274182,0.727616279069767,0.578488372093023,0.00432417321867196,0.00350086040767982,9.33197348291688,1.47255443417197E-5,-0.272383720930233,1.11748639456,-0.421511627906977,0.389268063073664,1,6,-0.903036008472582,4.75409836065574E-4,9,0.198672080379275,529.603773584906,0.289227413659065,5.02732240437158E-4,3.87978142076503E-4,5.73770491803279E-4,1
180.3,3,35,62.1755724147265,127.423452792028,0.257312703746883,9,51.2909592492123,127.376738998854,9,0.205768164170826,2.31966308303558E-5,1,-0.57291897891232,0.0586015538290788,0.378747501665556,0.53597601598934,0.00411728606650459,0.00274363879503813,8.54132002218525,1.34214619854567E-5,-0.621252498334444,1.12095717933968,-0.46402398401066,0.42708102108768,1,8,-0.941398446170921,4.87012987012987E-4,12,0.217534965408027,581.240155296728,0.252965387905189,4.80519480519481E-4,3.8961038961039E-4,5.51948051948052E-4,1
256.3,3,45,72.3382839130211,201.342883185223,0.232746913074516,13,58.9337634214217,156.929848829783,10,0.163870464299649,9.98371220129776E-6,1,-0.287060583395662,0.0849663425579656,0.53387065822299,0.54691997697179,0.00175258118849724,0.001366148178498,7.72532188841202,1.07266861325571E-5,-0.46612934177701,1.00461234685029,-0.45308002302821,0.712939416604338,1,6,-0.915033657442034,4.7979797979798E-4,6,0.222256450302921,633.208349590324,0.586585468126975,5.05050505050505E-4,4.09090909090909E-4,5.75757575757576E-4,2
256.4,2,53,65.5033083637037,183.215337325792,0.215018010700405,14,56.9542653216499,150.969865024857,14,0.398595943837754,9.97437156911228E-6,1,-0.278870967741935,0.135806451612903,0.505597394667209,0.547730510889477,0.00190026700360047,0.00150580835301437,7.8003120124805,1.55600196478152E-5,-0.494402605332791,0.960465708491452,-0.452269489110523,0.721129032258064,1,10,-0.864193548387097,4.8E-4,17,0.216762639141594,635.535491419657,0.504661363752622,4.8E-4,4.1E-4,5.15E-4,2
266.3,3,49,63.5715840580235,161.248981694799,0.225716163637252,14,52.1601170474321,137.784680590404,12,0.153961697333834,8.74176991992606E-6,1,-0.293277918323094,0.177629201301048,0.48851169530118,0.600082798592424,0.0019896709859561,0.00173691733522839,7.66053323319564,1.35008996757597E-5,-0.51148830469882,1.01931637798454,-0.399917201407576,0.706722081676906,1,18,-0.822370798698952,4.41176470588235E-4,19,0.201812251615368,613.040555764176,0.443809843130349,4.85294117647059E-4,3.62745098039216E-4,5.58823529411765E-4,2
340.4,5,60,67.4703260928799,165.520712903018,0.213505012398902,15,51.3818980562785,142.220323770544,15,0.153055229142186,8.67375088232315E-6,1,-0.410134721371709,0.0812921004286589,0.596212583995113,0.72327428222358,0.00202440506237402,0.00152202285078365,6.46298472385429,1.69251843059564E-5,-0.403787416004887,0.998611393620087,-0.27672571777642,0.589865278628292,1,11,-0.918707899571341,4.86363636363636E-4,14,0.219442653724066,481.064629847239,0.479990308295709,4.86363636363636E-4,3.86363636363636E-4,5.72727272727273E-4,2
264.3,4,51,70.3427739919322,180.111918276907,0.226559884927749,14,64.8160353723684,165.671006689772,13,0.143776012107454,7.04234713874189E-6,1,-0.369718309859155,0.0763444302176697,0.54532967032967,0.671899529042386,0.00176777285319439,0.00144183266003179,7.37797956867196,1.35477411232102E-5,-0.45467032967033,1.03015188800092,-0.328100470957614,0.630281690140845,1,17,-0.92365556978233,4.35897435897436E-4,18,0.20152696422737,621.419220582671,0.44138456730487,4.97435897435897E-4,3.58974358974359E-4,5.69230769230769E-4,2
401.6,3,37,60.52831107751,167.671675035885,0.210729982847896,10,29.7305705919053,69.1278127586448,9,0.616035856573705,3.88153168684608E-5,1,-0.338094222980175,0.0106587081645705,0.494703628577868,0.354744196529186,0.00457044451159057,0.00432297213769503,5.35358565737052,1.89781126741167E-5,-0.505296371422132,0.905584698250879,-0.645255803470814,0.661905777019825,1,17,-0.98934129183543,5.72093023255814E-4,9,0.232971103680186,185.645418326693,0.441431472920936,3.62790697674419E-4,4.69767441860465E-4,5.02325581395349E-4,2
343.4,4,35,70.2085124334735,174.487179325077,0.28047831987276,10,29.7981421833874,77.3299584012193,8,0.128130460104834,3.64554156395107E-5,1,-0.373055754965303,0.0050251256281407,0.376844494892168,0.405788876276958,0.00511524102476415,0.00431349829415383,5.7367501456028,1.89055977799942E-5,-0.623155505107832,1.01930174273957,-0.594211123723042,0.626944245034697,1,24,-0.994974874371859,5.53299492385787E-4,12,0.242283952922009,218.665987186954,0.419848775668384,3.45177664974619E-4,4.41624365482234E-4,5.17766497461929E-4,2
409.3,2,43,30.8699423609988,115.216734863608,0.224799576216225,11,17.4218249615008,56.9437453054785,11,0.168824822868312,5.59031524416873E-5,1,-0.632349907159067,0.0156798019393439,0.968094804010939,0.365086599817685,0.00576357934471726,0.00521778134198872,6.35230881993648,3.97026470402187E-5,-0.0319051959890611,0.992838714695883,-0.634913400182315,0.367650092840933,1,28,-0.984320198060656,5.34615384615385E-4,20,0.239289450997998,185.079159540679,0.449903450140373,3.65384615384615E-4,3.96153846153846E-4,5.34615384615385E-4,2
413.5,3,41,38.1014344424787,143.660577923457,0.2481037648389,12,21.0582910371965,64.7707033663079,9,0.155018137847642,5.5499615778032E-5,1,-0.394730760342038,0.00623988906863878,0.595402867029165,0.374443895205141,0.00611648014716373,0.00571926939575328,5.92503022974607,4.31663678273582E-5,-0.404597132970835,1.03089635969688,-0.625556104794859,0.605269239657962,1,27,-0.993760110931361,5.14285714285714E-4,21,0.254678966852101,184.773397823458,0.355848948509909,3.87755102040816E-4,3.91836734693878E-4,5.3469387755102E-4,2
573.8,3,39,26.8302665956912,107.524435657835,0.233664450163919,12,15.1418179107913,46.105628806732,8,0.11345416521436,9.08114781103349E-5,1,-0.383644965082226,0.0439288127956747,0.554041780199818,0.530881017257039,0.00664796106784105,0.00659554416372426,5.40257929592192,3.22334256773885E-5,-0.445958219800182,1.05441379392256,-0.469118982742961,0.616355034917774,1,35,-0.956071187204325,5.35483870967742E-4,28,0.2365008655589,136.075636110143,0.418413355895011,3.61290322580645E-4,3.96774193548387E-4,5.2258064516129E-4,2
240.3,3,47,56.3901399145082,155.206926092992,0.258770336282811,12,64.1149463830569,189.365233815936,12,0.187682064086558,1.01368298612137E-5,1,-0.446062017760955,0.0786140631824137,0.382483604823355,0.624286016500952,0.00189681166677401,0.00130531791364693,7.57386600083229,1.87319365496193E-5,-0.617516395176645,0.957872196849804,-0.375713983499048,0.553937982239045,1,5,-0.921385936817586,4.67032967032967E-4,7,0.21662472370629,678.653349979193,0.503565390822022,5.21978021978022E-4,4.12087912087912E-4,5.65934065934066E-4,2
233.3,3,47,58.6262786022387,155.875515778712,0.276839917987737,12,78.0191715241776,214.951950690743,10,0.163309044149164,8.52123131721281E-6,1,-0.416337453804002,0.0324964954759781,0.425467991680148,0.643401895077421,0.00198684314211602,0.00109558688364165,7.58679811401629,1.64091278743625E-5,-0.574532008319852,0.908851790809387,-0.356598104922579,0.583662546195998,1,5,-0.967503504524022,4.97175141242938E-4,4,0.207998985744137,701.67295327904,0.572189976118553,4.91525423728814E-4,4.18079096045198E-4,5.76271186440678E-4,2
232.3,3,46,60.6255445918476,162.372653869188,0.26918815117695,12,68.2858488888812,191.976407203821,10,0.159276797244942,1.02006993229245E-5,1,-0.371855970346836,0.0297855440826052,0.49887225753537,0.592372360057412,0.00185476197223493,0.00119746811471932,7.61945759793371,2.04422014431407E-5,-0.50112774246463,1.29478172707193,-0.407627639942588,0.628144029653164,1,6,-0.970214455917395,4.68926553672316E-4,3,0.217072749018649,709.659922513991,0.539723850861259,5.14124293785311E-4,3.84180790960452E-4,6.15819209039548E-4,2
235.3,3,42,50.965633062189,139.382166280382,0.26885355074044,12,58.5894047006843,174.210234449162,9,0.204419889502762,9.00316144999845E-6,1,-0.386779184247539,0.0118768557587123,0.389819447465739,0.610398085708071,0.00187538771148032,0.00134726634000235,7.52231194220144,2.19782613636859E-5,-0.610180552534262,1.25839931978317,-0.38960191429193,0.613220815752461,1,4,-0.988123144241288,4.74576271186441E-4,5,0.216519220359999,702.867828304292,0.453516632740447,5.19774011299435E-4,3.84180790960452E-4,6.04519774011299E-4,2
238.3,3,48,55.8155134717932,152.865425434692,0.271831036289701,11,65.5973833559733,177.512826526264,13,0.17247167436005,9.81463247907212E-6,1,-0.391310906622417,0.0416352391009202,0.384769941731967,0.66927868193691,0.00186726488810701,0.00140192749254919,7.93117918590013,1.31826564933382E-5,-0.615230058268033,1.17376085965898,-0.33072131806309,0.608689093377583,1,5,-0.95836476089908,4.86772486772487E-4,7,0.207494670952803,696.351657574486,0.485148856726039,5.02645502645503E-4,3.91534391534392E-4,5.87301587301587E-4,2
249.4,3,44,65.0949516339273,184.264658039906,0.229630343108906,12,41.1361840935459,108.655859637658,12,0.365677626303128,4.72829527185465E-5,1,-0.365467344544388,0.243644896362925,0.622007644337156,0.706296519814927,0.00480977299725941,0.0046752799314385,7.62229350441059,4.35199495610151E-5,-0.377992355662845,1.02779551647012,-0.293703480185073,0.634532655455612,1,14,-0.756355103637075,4.41872698579695E-4,9,0.246248351700933,249.235364875702,0.420029895366218,5.04997369805366E-4,3.99789584429248E-4,5.73382430299842E-4,2
181.3,3,36,77.7499140265673,204.043435826559,0.238096784993981,9,43.0300958527233,115.188555770514,8,0.210148924434639,4.78657848844368E-5,1,-0.344771901493742,0.0615664109810254,0.628219740141327,0.624800547070891,0.00469340005149062,0.00415622648887552,8.38389409817981,3.22524217197515E-5,-0.371780259858673,1.02430769892446,-0.375199452929109,0.655228098506258,1,7,-0.938433589018975,5.06578947368421E-4,3,0.244860155302641,345.952013237728,0.38176075556067,4.67105263157895E-4,4.07894736842105E-4,5.92105263157895E-4,2
191.2,2,44,112.728494352555,200.799448142521,0.222573071271509,11,42.0804400665139,111.121128896529,10,0.319560669456067,4.8835413339899E-5,1,-0.314454932444938,0.0429391079030168,0.576606626639982,0.526573271069602,0.00506185520702551,0.00421305994188298,8.99581589958159,3.23579389122558E-5,-0.423393373360018,0.977644699325319,-0.473426728930398,0.685545067555062,1,5,-0.957060892096983,5.17441860465116E-4,8,0.231498961453921,330.899058577406,0.475917479509502,4.65116279069767E-4,4.36046511627907E-4,5.2906976744186E-4,2
186.2,2,40,105.401782956932,208.31162691933,0.239610208054771,9,47.2638542322739,105.198094669965,10,0.365735767991407,4.45899273392734E-5,1,-0.283026188166828,0.0405431619786615,0.551793721973094,0.540358744394619,0.00486290149278533,0.00420728237785113,8.59291084854995,3.13780970165257E-5,-0.448206278026906,1.03468131903794,-0.459641255605381,0.716973811833172,1,5,-0.959456838021339,5.375E-4,5,0.232640455861791,341.68850698174,0.427309093668601,4.4375E-4,3.9375E-4,5.875E-4,2
181.2,2,33,70.6608970108138,197.781607665691,0.253260437672492,9,45.2759016220448,113.531299478674,8,0.348233995584989,5.51684101991547E-5,1,-0.364742268041237,0.0410309278350515,0.490214137692839,0.627216209993092,0.00514210740239876,0.00460457163889027,8.83002207505519,3.12250733341972E-5,-0.509785862307161,1.0161886506673,-0.372783790006908,0.635257731958763,1,4,-0.958969072164948,5.3125E-4,2,0.239674025478471,352.924392935982,0.353296965901412,4.5625E-4,4.4375E-4,5.5625E-4,2
